[Faction Data]
Name = LSPD
Leader = Ninguno
ExteriorX = -2006.259765
ExteriorY = -84.483543
ExteriorZ = 35.292816
Money = 50000
Pay = 25000
MembersC = 1
Pickup = 1274
PickupID = 1
