[Faction Data]
Name = LSPD
Leader = Ninguno
ExteriorX = -2006.858154
ExteriorY = -65.243675
ExteriorZ = 35.171875
InteriorX = 246.375991
InteriorY = 109.245994
InteriorZ = 1003.218750
InteriorID = 10
Money = 50000
Pay = 25000
MembersC = 1
Pickup = 1274
PickupID = 0
