[Faction Data]
Name = NOJODAN
Leader = Ninguno
ExteriorX = -2018.189453
ExteriorY = -64.912002
ExteriorZ = 35.320312
InteriorX = 389.491577
InteriorY = 173.743972
InteriorZ = 1008.382812
InteriorID = 3
Money = 50000
Pay = 25000
MembersC = 1
Pickup = 1212
PickupID = 1
