[Faction Data]
Name = NOJODAN
Leader = Ninguno
ExteriorX = -2018.189453
ExteriorY = -64.912002
ExteriorZ = 35.320312
InteriorX = 246.375991
InteriorY = 109.245994
InteriorZ = 1003.218750
InteriorID = 10
Money = 50000
Pay = 25000
MembersC = 1
Pickup = 1212
PickupID = 1
