[Faction Data]
Name = NOJODAN
Leader = Ninguno
ExteriorX = -2018.189453
ExteriorY = -64.912002
ExteriorZ = 35.320312
Money = 50000
Pay = 25000
MembersC = 1
Pickup = 1274
PickupID = 2
